好的，我们来详细解读一下这些相机的内参和外参以及标定参数。我们分为左相机和右相机分别解读。

### 左相机（Camera 1）

#### 内参（M1）
```yaml
M1: !!opencv-matrix
   rows: 3
   cols: 3
   dt: d
   data: [ 5.2686601678820989e+03, 0., 4.4135871915853403e+02, 0.,
       5.2810815286100533e+03, 5.0115712864719092e+02, 0., 0., 1. ]
```
- **焦距 (fx, fy)**: 分别为5268.66和5281.08。
- **光心 (cx, cy)**: 分别为441.36和501.16。
- **内参矩阵**:
  ```
  [ 5.2686601678820989e+03, 0., 4.4135871915853403e+02 ]
  [ 0., 5.2810815286100533e+03, 5.0115712864719092e+02 ]
  [ 0., 0., 1. ]
  ```

#### 畸变系数（D1）
```yaml
D1: !!opencv-matrix
   rows: 1
   cols: 5
   dt: d
   data: [ -6.1468602982257703e-01, -1.3421917123855022e+02,
       -1.0011261380075580e-03, 1.4183275437563455e-02,
       -5.4670484382289686e-01 ]
```
- **畸变系数**: [-0.6147, -134.22, -0.001, 0.0142, -0.5467]
  - 这些系数表示相机的径向和切向畸变。

#### 投影矩阵（P1）
```yaml
P1: !!opencv-matrix
   rows: 3
   cols: 4
   dt: d
   data: [ 4.1022646246402719e+03, -3.2295351505954236e+03,
       -8.3372965888127908e+02, 5.5947619057851654e+04,
       2.9558486953666156e+03, 4.1011524071141657e+03,
       -1.6076342877474831e+03, 1.4880551134227913e+04,
       4.2107685745787587e-01, 1.6810392581205780e-01,
       8.9131102890067160e-01, 1.2508451072666675e+02 ]
```
- **投影矩阵**:
  ```
  [ 4.1022646246402719e+03, -3.2295351505954236e+03, -8.3372965888127908e+02, 5.5947619057851654e+04 ]
  [ 2.9558486953666156e+03, 4.1011524071141657e+03, -1.6076342877474831e+03, 1.4880551134227913e+04 ]
  [ 4.2107685745787587e-01, 1.6810392581205780e-01, 8.9131102890067160e-01, 1.2508451072666675e+02 ]
  ```
  - 该矩阵通常用于立体视觉和多视图几何处理。

#### 旋转矩阵（R1）
```yaml
R1: !!opencv-matrix
   rows: 3
   cols: 3
   dt: d
   data: [ 7.4334243571828029e-01, -6.2705302272425567e-01,
       -2.3290884472855128e-01, 5.1974638370441206e-01,
       7.6062183561803454e-01, -3.8899629793513169e-01,
       4.2107685745787587e-01, 1.6810392581205780e-01,
       8.9131102890067160e-01 ]
```
- **旋转矩阵**:
  ```
  [ 0.7433, -0.6271, -0.2329 ]
  [ 0.5197, 0.7606, -0.3890 ]
  [ 0.4211, 0.1681, 0.8913 ]
  ```

#### 平移矩阵（T1）
```yaml
T1: !!opencv-matrix
   rows: 3
   cols: 1
   dt: d
   data: [ 1.4054419783460212e-01, -9.0523963398022929e+00,
       1.2508451072666675e+02 ]
```
- **平移向量**: [0.1405, -9.0524, 125.08]

#### 分辨率（S1）
```yaml
S1: !!opencv-matrix
   rows: 2
   cols: 1
   dt: d
   data: [ 1024., 1024. ]
```
- **分辨率**: 1024x1024

### 右相机（Camera 2）

#### 内参（M2）
```yaml
M2: !!opencv-matrix
   rows: 3
   cols: 3
   dt: d
   data: [ 4.0751399466270673e+03, 0., 2.4612303184081364e+02, 0.,
       4.0564728044949161e+03, 4.1275579798135601e+02, 0., 0., 1. ]
```
- **焦距 (fx, fy)**: 分别为4075.14和4056.47。
- **光心 (cx, cy)**: 分别为246.12和412.76。
- **内参矩阵**:
  ```
  [ 4.0751399466270673e+03, 0., 2.4612303184081364e+02 ]
  [ 0., 4.0564728044949161e+03, 4.1275579798135601e+02 ]
  [ 0., 0., 1. ]
  ```

#### 畸变系数（D2）
```yaml
D2: !!opencv-matrix
   rows: 1
   cols: 5
   dt: d
   data: [ -4.7311596687429475e-01, -2.7554775373705496e+01,
       -1.7818607484146567e-02, 1.2020145207523912e-02,
       1.7553860622722028e-02 ]
```
- **畸变系数**: [-0.4731, -27.55, -0.0178, 0.0120, 0.0176]

#### 投影矩阵（P2）
```yaml
P2: !!opencv-matrix
   rows: 3
   cols: 4
   dt: d
   data: [ -2.2304361274515250e+03, -3.1116308991853566e+03,
       1.4178328392275819e+03, 8.6609309561597154e+04,
       3.1236224056605179e+03, -2.5490650596813057e+03,
       -6.0876050359859482e+02, 3.9572130755325561e+04,
       3.7329145662659224e-01, 7.4671468076734832e-02,
       9.2470409335357784e-01, 1.2388667712735135e+02 ]
```
- **投影矩阵**:
  ```
  [ -2.2304361274515250e+03, -3.1116308991853566e+03, 1.4178328392275819e+03, 8.6609309561597154e+04 ]
  [ 3.1236224056605179e+03, -2.5490650596813057e+03, -6.0876050359859482e+02, 3.9572130755325561e+04 ]
  [ 3.7329145662659224e-01, 7.4671468076734832e-02, 9.2470409335357784e-01, 1.2388667712735135e+02 ]
  ```

#### 旋转矩阵（R

2）
```yaml
R2: !!opencv-matrix
   rows: 3
   cols: 3
   dt: d
   data: [ -5.6987288361443345e-01, -7.6807405593299172e-01,
       2.9207386244512512e-01, 7.3205080761554209e-01,
       -6.3599246572416923e-01, -2.4416223829970915e-01,
       3.7329145662659224e-01, 7.4671468076734832e-02,
       9.2470409335357784e-01 ]
```
- **旋转矩阵**:
  ```
  [ -0.5699, -0.7681, 0.2921 ]
  [ 0.7321, -0.6360, -0.2442 ]
  [ 0.3733, 0.0747, 0.9247 ]
  ```

#### 平移矩阵（T2）
```yaml
T2: !!opencv-matrix
   rows: 3
   cols: 1
   dt: d
   data: [ 1.3770801915349544e+01, -2.8504600126544357e+00,
       1.2388667712735135e+02 ]
```
- **平移向量**: [13.77, -2.850, 123.89]

#### 分辨率（S2）
```yaml
S2: !!opencv-matrix
   rows: 2
   cols: 1
   dt: d
   data: [ 768., 720. ]
```
- **分辨率**: 768x720

### 综述

这些参数用于描述相机的几何和光学特性。内参矩阵用于将3D点投影到2D图像平面，畸变系数用于校正镜头引起的图像失真，旋转和平移矩阵用于描述两个相机之间的相对位置和方向，投影矩阵用于多视图几何中的图像重投影。了解这些参数可以帮助我们在立体视觉、3D重建和图像校正等任务中进行精确的计算和处理。